58 15
25 18
100 21
161 24
84 40
98 41
73 42
114 42
81 46
91 46
110 46
111 46
117 50
67 51
48 52
55 53
57 53
15 56
54 57
126 57
44 58
133 66
140 69
47 70
138 74
25 75
45 75
146 79
139 81
46 86
143 88
98 89
181 89
42 90
141 90
47 93
51 99
143 100
42 101
138 101
145 102
145 103
119 108
48 110
48 112
142 112
56 113
145 113
138 114
140 118
49 120
58 122
22 123
68 123
22 124
65 126
137 126
182 128
70 131
132 132
60 133
132 134
95 135
131 135
78 137
127 138
83 140
93 140
104 140
122 141
155 141
63 142
117 144
93 145
108 148
121 164
81 169
38 171
174 181
139 185
74 191
102 203
